0.000000000000000000e+00 0.000000000000000000e+00 0.000000000000000000e+00 0.000000000000000000e+00 0.000000000000000000e+00 0.000000000000000000e+00 0.000000000000000000e+00 0.000000000000000000e+00 0.000000000000000000e+00 0.000000000000000000e+00 0.000000000000000000e+00 0.000000000000000000e+00 0.000000000000000000e+00 0.000000000000000000e+00 0.000000000000000000e+00 0.000000000000000000e+00 0.000000000000000000e+00 0.000000000000000000e+00 0.000000000000000000e+00 0.000000000000000000e+00 0.000000000000000000e+00
0.000000000000000000e+00 2.256250000000000876e-03 4.275000000000001889e-03 6.056249999999998267e-03 7.600000000000001719e-03 8.906250000000004441e-03 9.974999999999999492e-03 1.080625000000000856e-02 1.139999999999999868e-02 1.175625000000000628e-02 1.187500000000000708e-02 1.175624999999999760e-02 1.140000000000001255e-02 1.080624999999999121e-02 9.975000000000008166e-03 8.906249999999999237e-03 7.600000000000006924e-03 6.056249999999994797e-03 4.275000000000002756e-03 2.256249999999997407e-03 0.000000000000000000e+00
0.000000000000000000e+00 4.275000000000001889e-03 8.100000000000001296e-03 1.147500000000000776e-02 1.439999999999999614e-02 1.687500000000001152e-02 1.890000000000000707e-02 2.047500000000000708e-02 2.160000000000000461e-02 2.227500000000001354e-02 2.249999999999999570e-02 2.227500000000001354e-02 2.159999999999999420e-02 2.047500000000001402e-02 1.889999999999999666e-02 1.687500000000000458e-02 1.439999999999999787e-02 1.147500000000000950e-02 8.099999999999992623e-03 4.275000000000004491e-03 0.000000000000000000e+00
0.000000000000000000e+00 6.056249999999998267e-03 1.147500000000000776e-02 1.625624999999999293e-02 2.040000000000001534e-02 2.390625000000000042e-02 2.677500000000001060e-02 2.900625000000000772e-02 3.060000000000000914e-02 3.155624999999999403e-02 3.187500000000002137e-02 3.155624999999998015e-02 3.060000000000003342e-02 2.900624999999998344e-02 2.677500000000001754e-02 2.390624999999999695e-02 2.040000000000000840e-02 1.625624999999999293e-02 1.147500000000000603e-02 6.056249999999995665e-03 0.000000000000000000e+00
0.000000000000000000e+00 7.600000000000001719e-03 1.439999999999999614e-02 2.040000000000001534e-02 2.560000000000000123e-02 3.000000000000001277e-02 3.360000000000001180e-02 3.640000000000001568e-02 3.839999999999999664e-02 3.960000000000002407e-02 3.999999999999998695e-02 3.960000000000003101e-02 3.839999999999998276e-02 3.640000000000002262e-02 3.359999999999999098e-02 3.000000000000001624e-02 2.559999999999999776e-02 2.040000000000001534e-02 1.439999999999999787e-02 7.600000000000003454e-03 0.000000000000000000e+00
0.000000000000000000e+00 8.906250000000004441e-03 1.687500000000001152e-02 2.390625000000000042e-02 3.000000000000001277e-02 3.515625000000001388e-02 3.937500000000001416e-02 4.265624999999999972e-02 4.500000000000002609e-02 4.640624999999998918e-02 4.687500000000003469e-02 4.640624999999998224e-02 4.500000000000003997e-02 4.265624999999998584e-02 3.937500000000002109e-02 3.515624999999999306e-02 3.000000000000001971e-02 2.390624999999999695e-02 1.687500000000000805e-02 8.906249999999997502e-03 0.000000000000000000e+00
0.000000000000000000e+00 9.974999999999999492e-03 1.890000000000000707e-02 2.677500000000001060e-02 3.360000000000001180e-02 3.937500000000001416e-02 4.410000000000000031e-02 4.777500000000001884e-02 5.039999999999999342e-02 5.197500000000002118e-02 5.249999999999999112e-02 5.197500000000002812e-02 5.039999999999998648e-02 4.777500000000002578e-02 4.409999999999999337e-02 3.937500000000002109e-02 3.359999999999998405e-02 2.677500000000001407e-02 1.889999999999999666e-02 9.975000000000008166e-03 0.000000000000000000e+00
0.000000000000000000e+00 1.080625000000000856e-02 2.047500000000000708e-02 2.900625000000000772e-02 3.640000000000001568e-02 4.265624999999999972e-02 4.777500000000001884e-02 5.175625000000001058e-02 5.460000000000001658e-02 5.630625000000000213e-02 5.687500000000002276e-02 5.630624999999999519e-02 5.460000000000003045e-02 5.175624999999999670e-02 4.777500000000002578e-02 4.265624999999999972e-02 3.640000000000001568e-02 2.900624999999999731e-02 2.047500000000000708e-02 1.080624999999999988e-02 0.000000000000000000e+00
0.000000000000000000e+00 1.139999999999999868e-02 2.160000000000000461e-02 3.060000000000000914e-02 3.839999999999999664e-02 4.500000000000002609e-02 5.039999999999999342e-02 5.460000000000001658e-02 5.760000000000001230e-02 5.940000000000001529e-02 6.000000000000001166e-02 5.940000000000002917e-02 5.759999999999999842e-02 5.460000000000003045e-02 5.039999999999997954e-02 4.500000000000001915e-02 3.839999999999999664e-02 3.060000000000001608e-02 2.159999999999999420e-02 1.140000000000000735e-02 0.000000000000000000e+00
0.000000000000000000e+00 1.175625000000000628e-02 2.227500000000001354e-02 3.155624999999999403e-02 3.960000000000002407e-02 4.640624999999998918e-02 5.197500000000002118e-02 5.630625000000000213e-02 5.940000000000001529e-02 6.125625000000001208e-02 6.187500000000001332e-02 6.125625000000001902e-02 5.940000000000002223e-02 5.630625000000000213e-02 5.197500000000003506e-02 4.640624999999999611e-02 3.960000000000002407e-02 3.155624999999999403e-02 2.227500000000001354e-02 1.175624999999999587e-02 0.000000000000000000e+00
0.000000000000000000e+00 1.187500000000000708e-02 2.249999999999999570e-02 3.187500000000002137e-02 3.999999999999998695e-02 4.687500000000003469e-02 5.249999999999999112e-02 5.687500000000002276e-02 6.000000000000001166e-02 6.187500000000001332e-02 6.250000000000000000e-02 6.187500000000002720e-02 5.999999999999999778e-02 5.687500000000002970e-02 5.249999999999999806e-02 4.687500000000002082e-02 3.999999999999999389e-02 3.187500000000001443e-02 2.249999999999999570e-02 1.187500000000000881e-02 0.000000000000000000e+00
0.000000000000000000e+00 1.175624999999999760e-02 2.227500000000001354e-02 3.155624999999998015e-02 3.960000000000003101e-02 4.640624999999998224e-02 5.197500000000002812e-02 5.630624999999999519e-02 5.940000000000002917e-02 6.125625000000001902e-02 6.187500000000002720e-02 6.125625000000001902e-02 5.940000000000002917e-02 5.630624999999999519e-02 5.197500000000002118e-02 4.640624999999999611e-02 3.960000000000001713e-02 3.155624999999999403e-02 2.227500000000001701e-02 1.175624999999999067e-02 0.000000000000000000e+00
0.000000000000000000e+00 1.140000000000001255e-02 2.159999999999999420e-02 3.060000000000003342e-02 3.839999999999998276e-02 4.500000000000003997e-02 5.039999999999998648e-02 5.460000000000003045e-02 5.759999999999999842e-02 5.940000000000002223e-02 5.999999999999999778e-02 5.940000000000002917e-02 5.759999999999999148e-02 5.460000000000002351e-02 5.040000000000000036e-02 4.500000000000001915e-02 3.840000000000000357e-02 3.060000000000001608e-02 2.159999999999999420e-02 1.140000000000001082e-02 0.000000000000000000e+00
0.000000000000000000e+00 1.080624999999999121e-02 2.047500000000001402e-02 2.900624999999998344e-02 3.640000000000002262e-02 4.265624999999998584e-02 4.777500000000002578e-02 5.175624999999999670e-02 5.460000000000003045e-02 5.630625000000000213e-02 5.687500000000002970e-02 5.630624999999999519e-02 5.460000000000002351e-02 5.175624999999999670e-02 4.777500000000001884e-02 4.265624999999998584e-02 3.640000000000001568e-02 2.900624999999998690e-02 2.047500000000001749e-02 1.080624999999998948e-02 0.000000000000000000e+00
0.000000000000000000e+00 9.975000000000008166e-03 1.889999999999999666e-02 2.677500000000001754e-02 3.359999999999999098e-02 3.937500000000002109e-02 4.409999999999999337e-02 4.777500000000002578e-02 5.039999999999997954e-02 5.197500000000003506e-02 5.249999999999999806e-02 5.197500000000002118e-02 5.040000000000000036e-02 4.777500000000001884e-02 4.410000000000000031e-02 3.937500000000002109e-02 3.359999999999999098e-02 2.677500000000002101e-02 1.890000000000000013e-02 9.975000000000006431e-03 0.000000000000000000e+00
0.000000000000000000e+00 8.906249999999999237e-03 1.687500000000000458e-02 2.390624999999999695e-02 3.000000000000001624e-02 3.515624999999999306e-02 3.937500000000002109e-02 4.265624999999999972e-02 4.500000000000001915e-02 4.640624999999999611e-02 4.687500000000002082e-02 4.640624999999999611e-02 4.500000000000001915e-02 4.265624999999998584e-02 3.937500000000002109e-02 3.515624999999998612e-02 3.000000000000001624e-02 2.390624999999999348e-02 1.687500000000000805e-02 8.906249999999997502e-03 0.000000000000000000e+00
0.000000000000000000e+00 7.600000000000006924e-03 1.439999999999999787e-02 2.040000000000000840e-02 2.559999999999999776e-02 3.000000000000001971e-02 3.359999999999998405e-02 3.640000000000001568e-02 3.839999999999999664e-02 3.960000000000002407e-02 3.999999999999999389e-02 3.960000000000001713e-02 3.840000000000000357e-02 3.640000000000001568e-02 3.359999999999999098e-02 3.000000000000001624e-02 2.560000000000000123e-02 2.040000000000000493e-02 1.439999999999999961e-02 7.600000000000000852e-03 0.000000000000000000e+00
0.000000000000000000e+00 6.056249999999994797e-03 1.147500000000000950e-02 1.625624999999999293e-02 2.040000000000001534e-02 2.390624999999999695e-02 2.677500000000001407e-02 2.900624999999999731e-02 3.060000000000001608e-02 3.155624999999999403e-02 3.187500000000001443e-02 3.155624999999999403e-02 3.060000000000001608e-02 2.900624999999998690e-02 2.677500000000002101e-02 2.390624999999999348e-02 2.040000000000000493e-02 1.625624999999999987e-02 1.147500000000000082e-02 6.056250000000000869e-03 0.000000000000000000e+00
0.000000000000000000e+00 4.275000000000002756e-03 8.099999999999992623e-03 1.147500000000000603e-02 1.439999999999999787e-02 1.687500000000000805e-02 1.889999999999999666e-02 2.047500000000000708e-02 2.159999999999999420e-02 2.227500000000001354e-02 2.249999999999999570e-02 2.227500000000001701e-02 2.159999999999999420e-02 2.047500000000001749e-02 1.890000000000000013e-02 1.687500000000000805e-02 1.439999999999999961e-02 1.147500000000000082e-02 8.099999999999999561e-03 4.274999999999998419e-03 0.000000000000000000e+00
0.000000000000000000e+00 2.256249999999997407e-03 4.275000000000004491e-03 6.056249999999995665e-03 7.600000000000003454e-03 8.906249999999997502e-03 9.975000000000008166e-03 1.080624999999999988e-02 1.140000000000000735e-02 1.175624999999999587e-02 1.187500000000000881e-02 1.175624999999999067e-02 1.140000000000001082e-02 1.080624999999998948e-02 9.975000000000006431e-03 8.906249999999997502e-03 7.600000000000000852e-03 6.056250000000000869e-03 4.274999999999998419e-03 2.256250000000001744e-03 0.000000000000000000e+00
0.000000000000000000e+00 0.000000000000000000e+00 0.000000000000000000e+00 0.000000000000000000e+00 0.000000000000000000e+00 0.000000000000000000e+00 0.000000000000000000e+00 0.000000000000000000e+00 0.000000000000000000e+00 0.000000000000000000e+00 0.000000000000000000e+00 0.000000000000000000e+00 0.000000000000000000e+00 0.000000000000000000e+00 0.000000000000000000e+00 0.000000000000000000e+00 0.000000000000000000e+00 0.000000000000000000e+00 0.000000000000000000e+00 0.000000000000000000e+00 0.000000000000000000e+00
