Laboratory work number: 2
Variant number: 14

Number of segments L = 81921

X[0] = 0.0
u_theor = 0.0
u[0] = 0
diff = 0.0

X[8192] = 0.09999877931177598
u_theor = 0.14174480889402674
u[8192] = 0.14174640736258992
diff = 1.5984685631798001e-06

X[16384] = 0.19999755862355195
u_theor = 0.2823294483458243
u[16384] = 0.28233266175399724
diff = 3.2134081729418007e-06

X[24576] = 0.29999633793532793
u_theor = 0.4233394360982068
u[24576] = 0.4233442975867231
diff = 4.861488516305634e-06

X[32768] = 0.3999951172471039
u_theor = 0.5663650869847648
u[32768] = 0.5663716467067096
diff = 6.559721944743302e-06

X[40960] = 0.4999938965588799
u_theor = 0.7130194485478356
u[40960] = 0.7130277743155056
diff = 8.32576766995885e-06

X[49152] = 0.5999926758706559
u_theor = 0.7956631329409286
u[49152] = 0.7956594128705922
diff = 3.720070336443726e-06

X[57344] = 0.6999914551824318
u_theor = 0.8523374885686131
u[57344] = 0.8523347195547116
diff = 2.7690139015046356e-06

X[65536] = 0.7999902344942078
u_theor = 0.9051237524641474
u[65536] = 0.9051219177537781
diff = 1.8347103692972766e-06

X[73728] = 0.8999890138059838
u_theor = 0.954266803049756
u[73728] = 0.954265889967095
diff = 9.130826609249354e-07

X[81921] = 1.0
u_theor = 1.0000000000000013
u[81921] = 1
diff = 1.3322676295501878e-15

