Laboratory work number: 2
Variant number: 14

Number of segments L = 655362

X[0] = 0.0
u[0] = 0
u_prev[0] = 0
diff = 0

X[65536] = 0.09999969482515007
u[65536] = 0.6288689719755666
u_prev[32768] = 0.6258378346445902
diff = 0.0030311373309763745

X[131072] = 0.19999938965030015
u[131072] = 0.7140171786520741
u_prev[65536] = 0.712177367398848
diff = 0.0018398112532261868

X[196608] = 0.2999990844754502
u[196608] = 0.7876703836899656
u_prev[98304] = 0.78646129743585
diff = 0.0012090862541155323

X[262144] = 0.3999987793006003
u[262144] = 0.8560574044708231
u_prev[131072] = 0.855268836958093
diff = 0.0007885675127301539

X[327681] = 0.5
u[327681] = 0.9205141573687833
u_prev[163840] = 0.9200385826611991
diff = 0.00047557470758419207

X[393217] = 0.5999996948251501
u[393217] = 0.9534905316258465
u_prev[196608] = 0.953160459606736
diff = 0.00033007201911050554

X[458753] = 0.6999993896503002
u[458753] = 0.9720936893551709
u_prev[229376] = 0.9718591812545939
diff = 0.00023450810057701332

X[524289] = 0.7999990844754502
u[524289] = 0.9857245076271063
u_prev[262144] = 0.9855762572749072
diff = 0.00014825035219911964

X[589825] = 0.8999987793006003
u[589825] = 0.9948583767519802
u_prev[294912] = 0.9947879850632766
diff = 7.039168870359713e-05

X[655362] = 1.0
u[655362] = 1
u_prev[327681] = 1
diff = 0

