Laboratory work number: 4
Variant number: 5

Current number tau / h = 0.25
Number of distance segments L is in 20 : 40 : 20
Number of time segments N is in 80 : 160 : 80

L = 20

x_grid[0] = 0.0
u_exp[0] = 2.835410644424367
u_theory[0] = 2.833213344056216
err[0] = 0.002197300368151023

x_grid[2] = 0.1
u_exp[2] = 2.881664485810069
u_theory[2] = 2.87976009730157
err[2] = 0.0019043885084988332

x_grid[4] = 0.2
u_exp[4] = 2.926935698423185
u_theory[4] = 2.925309809257445
err[4] = 0.0016258891657399133

x_grid[6] = 0.30000000000000004
u_exp[6] = 2.9712624235130005
u_theory[6] = 2.9699015135194693
err[6] = 0.001360909993531223

x_grid[8] = 0.4
u_exp[8] = 3.0146808151109954
u_theory[8] = 3.013572191682322
err[8] = 0.0011086234286734609

x_grid[10] = 0.5
u_exp[10] = 3.0572251551246867
u_theory[10] = 3.056356895370426
err[10] = 0.0008682597542608583

x_grid[12] = 0.6000000000000001
u_exp[12] = 3.0989279487542296
u_theory[12] = 3.098288861879083
err[12] = 0.0006390868751466883

x_grid[14] = 0.7000000000000001
u_exp[14] = 3.1398199004255836
u_theory[14] = 3.1393996233664043
err[14] = 0.0004202770591792415

x_grid[16] = 0.8
u_exp[16] = 3.1799289957945223
u_theory[16] = 3.179719109667007
err[16] = 0.00020988612751526858

x_grid[18] = 0.9
u_exp[18] = 3.2192757976179016
u_theory[18] = 3.219275744889528
err[18] = 5.2728373667321193e-08

x_grid[20] = 1.0
u_exp[20] = 3.258096538021482
u_theory[20] = 3.258096538021482
err[20] = 0.0

Max error = 0.002197300368151023

L = 40

x_grid[0] = 0.0
u_exp[0] = 2.8343760208412214
u_theory[0] = 2.833213344056216
err[0] = 0.0011626767850052566

x_grid[4] = 0.1
u_exp[4] = 2.880773806138118
u_theory[4] = 2.87976009730157
err[4] = 0.001013708836548055

x_grid[8] = 0.2
u_exp[8] = 2.926181896342819
u_theory[8] = 2.925309809257445
err[8] = 0.0008720870853742291

x_grid[12] = 0.30000000000000004
u_exp[12] = 2.9706388690093624
u_theory[12] = 2.9699015135194693
err[12] = 0.0007373554898930657

x_grid[16] = 0.4
u_exp[16] = 3.0141812830166637
u_theory[16] = 3.013572191682322
err[16] = 0.000609091334341727

x_grid[20] = 0.5
u_exp[20] = 3.056843797972206
u_theory[20] = 3.056356895370426
err[20] = 0.00048690260177997047

x_grid[24] = 0.6000000000000001
u_exp[24] = 3.098659287417653
u_theory[24] = 3.098288861879083
err[24] = 0.00037042553856991844

x_grid[28] = 0.7000000000000001
u_exp[28] = 3.139658945696031
u_theory[28] = 3.1393996233664043
err[28] = 0.0002593223296267766

x_grid[32] = 0.8
u_exp[32] = 3.1798723827750366
u_theory[32] = 3.179719109667007
err[32] = 0.0001532731080295946

x_grid[36] = 0.9
u_exp[36] = 3.219327286863876
u_theory[36] = 3.219275744889528
err[36] = 5.154197434809049e-05

x_grid[40] = 1.0
u_exp[40] = 3.258096538021482
u_theory[40] = 3.258096538021482
err[40] = 0.0

Max error = 0.0011626767850052566

